name: Grass Field
chance: 10
trees: 3,25
fruit_bushes: 7,15
leaf_bushes: 10,15
wolf_spawn: 1,10
bear_spawn: 1,10
deer_spawn: 1,30
object_spawn_list:
Corn Seeds,4,0,0,1280,1280,5,20
Tomato Seeds,4,0,0,1280,1280,5,20
Potato,4,0,0,1280,1280,5,20
terrain_grid:
000,000,000,000,000,000,000,000,000,000
000,000,000,000,000,000,000,000,000,000
000,000,000,000,000,000,000,000,000,000
000,000,000,000,000,000,000,000,000,000
000,000,000,000,000,000,000,000,000,000
000,000,000,000,000,000,000,000,000,000
000,000,000,000,000,000,000,000,000,000
000,000,000,000,000,000,000,000,000,000
000,000,000,000,000,000,000,000,000,000
000,000,000,000,000,000,000,000,000,000
name: Dying Grass Field
chance: 10
trees: 3,15
fruit_bushes: 3,15
leaf_bushes: 20,15
wolf_spawn: 1,10
bear_spawn: 1,10
deer_spawn: 1,10
object_spawn_list:
Corn Seeds,4,0,0,1280,1280,2,10
Tomato Seeds,4,0,0,1280,1280,2,10
Potato,4,0,0,1280,1280,2,10
terrain_grid:
004,004,004,004,004,004,004,004,004,004
004,004,004,004,004,004,004,004,004,004
004,004,004,004,004,004,004,004,004,004
004,004,004,004,004,004,004,004,004,004
004,004,004,004,004,004,004,004,004,004
004,004,004,004,004,004,004,004,004,004
004,004,004,004,004,004,004,004,004,004
004,004,004,004,004,004,004,004,004,004
004,004,004,004,004,004,004,004,004,004
004,004,004,004,004,004,004,004,004,004
name: Light Forest
chance: 10
trees: 40,20
fruit_bushes: 0,0
leaf_bushes: 30,20
wolf_spawn: 0,0
bear_spawn: 0,0
deer_spawn: 0,0
object_spawn_list:
terrain_grid:
001,001,001,001,001,001,001,001,001,001
001,001,001,001,001,001,001,001,001,001
001,001,001,001,001,001,001,001,001,001
001,001,001,001,001,001,001,001,001,001
001,001,001,001,001,001,001,001,001,001
001,001,001,001,001,001,001,001,001,001
001,001,001,001,001,001,001,001,001,001
001,001,001,001,001,001,001,001,001,001
001,001,001,001,001,001,001,001,001,001
001,001,001,001,001,001,001,001,001,001
name: Heavy Forest
chance: 10
trees: 100,20
fruit_bushes: 0,0
leaf_bushes: 40,20
wolf_spawn: 0,0
bear_spawn: 0,0
deer_spawn: 0,0
object_spawn_list:
terrain_grid:
001,001,001,001,001,001,001,001,001,001
001,001,001,001,001,001,001,001,001,001
001,001,001,001,001,001,001,001,001,001
001,001,001,001,001,001,001,001,001,001
001,001,001,001,001,001,001,001,001,001
001,001,001,001,001,001,001,001,001,001
001,001,001,001,001,001,001,001,001,001
001,001,001,001,001,001,001,001,001,001
001,001,001,001,001,001,001,001,001,001
001,001,001,001,001,001,001,001,001,001
name: Extreme Forest
chance: 10
trees: 150,20
fruit_bushes: 0,0
leaf_bushes: 60,20
wolf_spawn: 3,30
bear_spawn: 3,30
deer_spawn: 0,0
object_spawn_list:
terrain_grid:
000,000,000,000,000,000,000,000,000,000
000,001,001,001,001,001,001,001,001,000
000,001,001,001,001,001,001,001,001,000
000,001,001,001,001,001,001,001,001,000
000,001,001,001,001,001,001,001,001,000
000,001,001,001,001,001,001,001,001,000
000,001,001,001,001,001,001,001,001,000
000,001,001,001,001,001,001,001,001,000
000,001,001,001,001,001,001,001,001,000
000,000,000,000,000,000,000,000,000,000
name: Small Pond
chance: 5
trees: 3,10
fruit_bushes: 5,15
leaf_bushes: 5,15
wolf_spawn: 0,0
bear_spawn: 0,0
deer_spawn: 0,0
object_spawn_list:
terrain_grid:
001,001,001,001,001,001,001,001,001,001
001,001,001,001,001,001,001,001,001,001
001,001,001,001,100,100,001,001,001,001
001,001,001,100,100,100,100,001,001,001
001,001,100,100,100,100,100,100,001,001
001,001,100,100,100,100,100,100,001,001
001,001,001,100,100,100,100,001,001,001
001,001,001,001,100,100,001,001,001,001
001,001,001,001,001,001,001,001,001,001
001,001,001,001,001,001,001,001,001,001
name: Large Pond
chance: 5
trees: 3,10
fruit_bushes: 5,15
leaf_bushes: 5,15
wolf_spawn: 0,0
bear_spawn: 0,0
deer_spawn: 0,0
object_spawn_list:
terrain_grid:
001,001,001,001,001,001,001,001,001,001
001,001,001,001,001,001,001,001,001,001
001,001,001,100,100,100,100,001,001,001
001,001,100,100,100,100,100,100,001,001
001,001,100,100,100,100,100,100,001,001
001,001,100,100,100,100,100,100,001,001
001,001,100,100,100,100,100,100,001,001
001,001,001,100,100,100,100,001,001,001
001,001,001,001,001,001,001,001,001,001
001,001,001,001,001,001,001,001,001,001